#spect_gen: 74  40.000  1     80.000
#   80     1.000      0.0000
#    Energy   #/mAs-sr-keV
      1.000     0.0000E+00
      2.000     3.8826E-07
      3.000     1.7713E+06
      4.000     2.4208E+09
      5.000     2.7989E+10
      6.000     7.7611E+10
      7.000     1.2528E+11
      8.000     1.5901E+11
      9.000     1.7909E+11
     10.000     1.8912E+11
     11.000     1.6428E+11
     12.000     1.5625E+11
     13.000     1.5386E+11
     14.000     1.5483E+11
     15.000     1.5376E+11
     16.000     1.5126E+11
     17.000     1.4778E+11
     18.000     1.4365E+11
     19.000     1.3912E+11
     20.000     1.3434E+11
     21.000     1.2944E+11
     22.000     1.2452E+11
     23.000     1.1963E+11
     24.000     1.1482E+11
     25.000     1.1010E+11
     26.000     1.0552E+11
     27.000     1.0106E+11
     28.000     9.6753E+10
     29.000     9.2595E+10
     30.000     8.8582E+10
     31.000     8.4716E+10
     32.000     8.0996E+10
     33.000     7.7417E+10
     34.000     7.3976E+10
     35.000     7.0667E+10
     36.000     6.7487E+10
     37.000     6.4431E+10
     38.000     6.1493E+10
     39.000     5.8669E+10
     40.000     5.5955E+10
     41.000     5.3344E+10
     42.000     5.0835E+10
     43.000     4.8421E+10
     44.000     4.6098E+10
     45.000     4.3863E+10
     46.000     4.1713E+10
     47.000     3.9642E+10
     48.000     3.7648E+10
     49.000     3.5728E+10
     50.000     3.3877E+10
     51.000     3.2094E+10
     52.000     3.0374E+10
     53.000     2.8717E+10
     54.000     2.7118E+10
     55.000     2.5576E+10
     56.000     2.4088E+10
     57.000     2.8442E+10
     58.000     2.1264E+10
     59.000     2.9981E+10
     60.000     1.8632E+10
     61.000     1.7382E+10
     62.000     1.6174E+10
     63.000     1.5006E+10
     64.000     1.3877E+10
     65.000     1.2785E+10
     66.000     1.1729E+10
     67.000     1.3943E+10
     68.000     9.7169E+09
     69.000     9.6084E+09
     70.000     7.7442E+09
     71.000     6.8590E+09
     72.000     6.0009E+09
     73.000     5.1687E+09
     74.000     4.3617E+09
     75.000     3.5791E+09
     76.000     2.8197E+09
     77.000     2.0829E+09
     78.000     1.3678E+09
     79.000     6.7380E+08
     80.000     0.0000E+00
