#spect_gen: 74  40.000  1    130.000
#  130     1.000      0.0000
#    Energy   #/mAs-sr-keV
      1.000     0.0000E+00
      2.000     1.9018E-09
      3.000     1.6966E+05
      4.000     9.4047E+08
      5.000     1.9774E+10
      6.000     7.4049E+10
      7.000     1.4166E+11
      8.000     1.9970E+11
      9.000     2.4117E+11
     10.000     2.6751E+11
     11.000     2.0250E+11
     12.000     1.8849E+11
     13.000     1.9058E+11
     14.000     2.0292E+11
     15.000     2.1096E+11
     16.000     2.1552E+11
     17.000     2.1740E+11
     18.000     2.1720E+11
     19.000     2.1544E+11
     20.000     2.1252E+11
     21.000     2.0877E+11
     22.000     2.0439E+11
     23.000     1.9961E+11
     24.000     1.9454E+11
     25.000     1.8930E+11
     26.000     1.8397E+11
     27.000     1.7862E+11
     28.000     1.7330E+11
     29.000     1.6803E+11
     30.000     1.6284E+11
     31.000     1.5775E+11
     32.000     1.5278E+11
     33.000     1.4794E+11
     34.000     1.4322E+11
     35.000     1.3865E+11
     36.000     1.3420E+11
     37.000     1.2990E+11
     38.000     1.2572E+11
     39.000     1.2168E+11
     40.000     1.1777E+11
     41.000     1.1398E+11
     42.000     1.1033E+11
     43.000     1.0679E+11
     44.000     1.0337E+11
     45.000     1.0006E+11
     46.000     9.6863E+10
     47.000     9.3766E+10
     48.000     9.0777E+10
     49.000     8.7885E+10
     50.000     8.5087E+10
     51.000     8.2381E+10
     52.000     7.9764E+10
     53.000     7.7230E+10
     54.000     7.4779E+10
     55.000     7.2406E+10
     56.000     7.0108E+10
     57.000     1.7609E+11
     58.000     6.5730E+10
     59.000     2.5158E+11
     60.000     6.1621E+10
     61.000     5.9662E+10
     62.000     5.7762E+10
     63.000     5.5921E+10
     64.000     5.4136E+10
     65.000     5.2404E+10
     66.000     5.0724E+10
     67.000     1.0958E+11
     68.000     4.7512E+10
     69.000     6.1844E+10
     70.000     4.3440E+10
     71.000     4.2061E+10
     72.000     4.0718E+10
     73.000     3.9411E+10
     74.000     3.8139E+10
     75.000     3.6901E+10
     76.000     3.5694E+10
     77.000     3.4520E+10
     78.000     3.3376E+10
     79.000     3.2262E+10
     80.000     3.1177E+10
     81.000     3.0119E+10
     82.000     2.9088E+10
     83.000     2.8084E+10
     84.000     2.7106E+10
     85.000     2.6152E+10
     86.000     2.5220E+10
     87.000     2.4314E+10
     88.000     2.3429E+10
     89.000     2.2567E+10
     90.000     2.1725E+10
     91.000     2.0904E+10
     92.000     2.0102E+10
     93.000     1.9320E+10
     94.000     1.8557E+10
     95.000     1.7812E+10
     96.000     1.7084E+10
     97.000     1.6375E+10
     98.000     1.5681E+10
     99.000     1.5003E+10
    100.000     1.4342E+10
    101.000     1.3696E+10
    102.000     1.3064E+10
    103.000     1.2447E+10
    104.000     1.1843E+10
    105.000     1.1254E+10
    106.000     1.0677E+10
    107.000     1.0114E+10
    108.000     9.5623E+09
    109.000     9.0238E+09
    110.000     8.4966E+09
    111.000     7.9809E+09
    112.000     7.4764E+09
    113.000     6.9827E+09
    114.000     6.4996E+09
    115.000     6.0268E+09
    116.000     5.5640E+09
    117.000     5.1109E+09
    118.000     4.6673E+09
    119.000     4.2330E+09
    120.000     3.8076E+09
    121.000     3.3910E+09
    122.000     2.9829E+09
    123.000     2.5830E+09
    124.000     2.1913E+09
    125.000     1.8076E+09
    126.000     1.4314E+09
    127.000     1.0628E+09
    128.000     7.0148E+08
    129.000     3.4727E+08
    130.000     0.0000E+00
