#spect_gen: 74  40.000  1     50.000
#   50     1.000      0.0000
#    Energy   #/mAs-sr-keV
      1.000     0.0000E+00
      2.000     3.9342E-06
      3.000     4.4990E+06
      4.000     3.1945E+09
      5.000     2.7818E+10
      6.000     6.6673E+10
      7.000     9.8803E+10
      8.000     1.1859E+11
      9.000     1.2836E+11
     10.000     1.3147E+11
     11.000     1.2074E+11
     12.000     1.1501E+11
     13.000     1.1088E+11
     14.000     1.0768E+11
     15.000     1.0367E+11
     16.000     9.9176E+10
     17.000     9.4442E+10
     18.000     8.9607E+10
     19.000     8.4786E+10
     20.000     8.0041E+10
     21.000     7.5414E+10
     22.000     7.0931E+10
     23.000     6.6608E+10
     24.000     6.2453E+10
     25.000     5.8469E+10
     26.000     5.4653E+10
     27.000     5.1005E+10
     28.000     4.7518E+10
     29.000     4.4186E+10
     30.000     4.1005E+10
     31.000     3.7967E+10
     32.000     3.5066E+10
     33.000     3.2296E+10
     34.000     2.9650E+10
     35.000     2.7121E+10
     36.000     2.4706E+10
     37.000     2.2396E+10
     38.000     2.0189E+10
     39.000     1.8077E+10
     40.000     1.6057E+10
     41.000     1.4125E+10
     42.000     1.2274E+10
     43.000     1.0502E+10
     44.000     8.8052E+09
     45.000     7.1792E+09
     46.000     5.6207E+09
     47.000     4.1265E+09
     48.000     2.6936E+09
     49.000     1.3190E+09
     50.000     0.0000E+00
