#spect_gen: 74  40.000  1    150.000
#  150     1.000      0.0000
#    Energy   #/mAs-sr-keV
      1.000     0.0000E+00
      2.000     1.5016E-10
      3.000     5.3518E+04
      4.000     5.6914E+08
      5.000     1.5793E+10
      6.000     6.7945E+10
      7.000     1.4048E+11
      8.000     2.0768E+11
      9.000     2.5871E+11
     10.000     2.9316E+11
     11.000     2.0779E+11
     12.000     1.9116E+11
     13.000     1.9534E+11
     14.000     2.1316E+11
     15.000     2.2597E+11
     16.000     2.3455E+11
     17.000     2.3968E+11
     18.000     2.4205E+11
     19.000     2.4230E+11
     20.000     2.4090E+11
     21.000     2.3825E+11
     22.000     2.3466E+11
     23.000     2.3038E+11
     24.000     2.2561E+11
     25.000     2.2049E+11
     26.000     2.1514E+11
     27.000     2.0966E+11
     28.000     2.0411E+11
     29.000     1.9855E+11
     30.000     1.9302E+11
     31.000     1.8754E+11
     32.000     1.8216E+11
     33.000     1.7687E+11
     34.000     1.7169E+11
     35.000     1.6663E+11
     36.000     1.6171E+11
     37.000     1.5692E+11
     38.000     1.5226E+11
     39.000     1.4774E+11
     40.000     1.4335E+11
     41.000     1.3909E+11
     42.000     1.3496E+11
     43.000     1.3096E+11
     44.000     1.2709E+11
     45.000     1.2333E+11
     46.000     1.1969E+11
     47.000     1.1617E+11
     48.000     1.1276E+11
     49.000     1.0946E+11
     50.000     1.0626E+11
     51.000     1.0316E+11
     52.000     1.0016E+11
     53.000     9.7260E+10
     54.000     9.4436E+10
     55.000     9.1712E+10
     56.000     8.9068E+10
     57.000     2.6088E+11
     58.000     8.4020E+10
     59.000     3.8446E+11
     60.000     7.9276E+10
     61.000     7.7010E+10
     62.000     7.4812E+10
     63.000     7.2680E+10
     64.000     7.0610E+10
     65.000     6.8602E+10
     66.000     6.6652E+10
     67.000     1.6224E+11
     68.000     6.2920E+10
     69.000     8.6705E+10
     70.000     5.7668E+10
     71.000     5.6087E+10
     72.000     5.4547E+10
     73.000     5.3046E+10
     74.000     5.1584E+10
     75.000     5.0158E+10
     76.000     4.8768E+10
     77.000     4.7414E+10
     78.000     4.6093E+10
     79.000     4.4805E+10
     80.000     4.3549E+10
     81.000     4.2324E+10
     82.000     4.1129E+10
     83.000     3.9964E+10
     84.000     3.8828E+10
     85.000     3.7718E+10
     86.000     3.6635E+10
     87.000     3.5579E+10
     88.000     3.4548E+10
     89.000     3.3541E+10
     90.000     3.2559E+10
     91.000     3.1599E+10
     92.000     3.0662E+10
     93.000     2.9747E+10
     94.000     2.8854E+10
     95.000     2.7981E+10
     96.000     2.7128E+10
     97.000     2.6294E+10
     98.000     2.5479E+10
     99.000     2.4684E+10
    100.000     2.3905E+10
    101.000     2.3144E+10
    102.000     2.2401E+10
    103.000     2.1673E+10
    104.000     2.0961E+10
    105.000     2.0266E+10
    106.000     1.9585E+10
    107.000     1.8919E+10
    108.000     1.8268E+10
    109.000     1.7630E+10
    110.000     1.7006E+10
    111.000     1.6395E+10
    112.000     1.5797E+10
    113.000     1.5211E+10
    114.000     1.4638E+10
    115.000     1.4077E+10
    116.000     1.3526E+10
    117.000     1.2988E+10
    118.000     1.2460E+10
    119.000     1.1943E+10
    120.000     1.1437E+10
    121.000     1.0940E+10
    122.000     1.0454E+10
    123.000     9.9765E+09
    124.000     9.5094E+09
    125.000     9.0506E+09
    126.000     8.6011E+09
    127.000     8.1604E+09
    128.000     7.7280E+09
    129.000     7.3040E+09
    130.000     6.8880E+09
    131.000     6.4800E+09
    132.000     6.0796E+09
    133.000     5.6867E+09
    134.000     5.3012E+09
    135.000     4.9228E+09
    136.000     4.5514E+09
    137.000     4.1867E+09
    138.000     3.8288E+09
    139.000     3.4774E+09
    140.000     3.1323E+09
    141.000     2.7934E+09
    142.000     2.4606E+09
    143.000     2.1336E+09
    144.000     1.8125E+09
    145.000     1.4970E+09
    146.000     1.1870E+09
    147.000     8.8246E+08
    148.000     5.8318E+08
    149.000     2.8907E+08
    150.000     0.0000E+00
