#spect_gen: 74  40.000  1    110.000
#  110     1.000      0.0000
#    Energy   #/mAs-sr-keV
      1.000     0.0000E+00
      2.000     1.9272E-08
      3.000     4.7892E+05
      4.000     1.4548E+09
      5.000     2.3668E+10
      6.000     7.7948E+10
      7.000     1.3872E+11
      8.000     1.8708E+11
      9.000     2.1944E+11
     10.000     2.3853E+11
     11.000     1.9175E+11
     12.000     1.8032E+11
     13.000     1.8043E+11
     14.000     1.8768E+11
     15.000     1.9151E+11
     16.000     1.9271E+11
     17.000     1.9194E+11
     18.000     1.8973E+11
     19.000     1.8649E+11
     20.000     1.8251E+11
     21.000     1.7802E+11
     22.000     1.7320E+11
     23.000     1.6819E+11
     24.000     1.6306E+11
     25.000     1.5791E+11
     26.000     1.5277E+11
     27.000     1.4770E+11
     28.000     1.4271E+11
     29.000     1.3783E+11
     30.000     1.3307E+11
     31.000     1.2844E+11
     32.000     1.2393E+11
     33.000     1.1958E+11
     34.000     1.1536E+11
     35.000     1.1127E+11
     36.000     1.0733E+11
     37.000     1.0352E+11
     38.000     9.9843E+10
     39.000     9.6286E+10
     40.000     9.2861E+10
     41.000     8.9551E+10
     42.000     8.6357E+10
     43.000     8.3276E+10
     44.000     8.0302E+10
     45.000     7.7432E+10
     46.000     7.4662E+10
     47.000     7.1988E+10
     48.000     6.9405E+10
     49.000     6.6912E+10
     50.000     6.4504E+10
     51.000     6.2177E+10
     52.000     5.9930E+10
     53.000     5.7757E+10
     54.000     5.5657E+10
     55.000     5.3627E+10
     56.000     5.1663E+10
     57.000     1.0511E+11
     58.000     4.7927E+10
     59.000     1.4226E+11
     60.000     4.4428E+10
     61.000     4.2761E+10
     62.000     4.1148E+10
     63.000     3.9586E+10
     64.000     3.8071E+10
     65.000     3.6604E+10
     66.000     3.5181E+10
     67.000     6.4740E+10
     68.000     3.2466E+10
     69.000     3.9285E+10
     70.000     2.9367E+10
     71.000     2.8186E+10
     72.000     2.7039E+10
     73.000     2.5923E+10
     74.000     2.4840E+10
     75.000     2.3785E+10
     76.000     2.2760E+10
     77.000     2.1763E+10
     78.000     2.0793E+10
     79.000     1.9849E+10
     80.000     1.8930E+10
     81.000     1.8037E+10
     82.000     1.7167E+10
     83.000     1.6321E+10
     84.000     1.5495E+10
     85.000     1.4693E+10
     86.000     1.3911E+10
     87.000     1.3149E+10
     88.000     1.2407E+10
     89.000     1.1683E+10
     90.000     1.0979E+10
     91.000     1.0292E+10
     92.000     9.6223E+09
     93.000     8.9695E+09
     94.000     8.3329E+09
     95.000     7.7120E+09
     96.000     7.1064E+09
     97.000     6.5157E+09
     98.000     5.9392E+09
     99.000     5.3767E+09
    100.000     4.8278E+09
    101.000     4.2920E+09
    102.000     3.7688E+09
    103.000     3.2580E+09
    104.000     2.7593E+09
    105.000     2.2722E+09
    106.000     1.7964E+09
    107.000     1.3316E+09
    108.000     8.7747E+08
    109.000     4.3370E+08
    110.000     0.0000E+00
