#spect_gen: 74  40.000  1    120.000
#  120     1.000      0.0000
#    Energy   #/mAs-sr-keV
      1.000     0.0000E+00
      2.000     6.2327E-09
      3.000     2.8942E+05
      4.000     1.1800E+09
      5.000     2.1764E+10
      6.000     7.6331E+10
      7.000     1.4074E+11
      8.000     1.9399E+11
      9.000     2.3082E+11
     10.000     2.5342E+11
     11.000     1.9783E+11
     12.000     1.8514E+11
     13.000     1.8621E+11
     14.000     1.9595E+11
     15.000     2.0179E+11
     16.000     2.0459E+11
     17.000     2.0506E+11
     18.000     2.0378E+11
     19.000     2.0122E+11
     20.000     1.9772E+11
     21.000     1.9354E+11
     22.000     1.8891E+11
     23.000     1.8397E+11
     24.000     1.7885E+11
     25.000     1.7363E+11
     26.000     1.6837E+11
     27.000     1.6315E+11
     28.000     1.5798E+11
     29.000     1.5289E+11
     30.000     1.4791E+11
     31.000     1.4305E+11
     32.000     1.3831E+11
     33.000     1.3370E+11
     34.000     1.2923E+11
     35.000     1.2489E+11
     36.000     1.2070E+11
     37.000     1.1664E+11
     38.000     1.1271E+11
     39.000     1.0891E+11
     40.000     1.0525E+11
     41.000     1.0170E+11
     42.000     9.8272E+10
     43.000     9.4965E+10
     44.000     9.1766E+10
     45.000     8.8679E+10
     46.000     8.5696E+10
     47.000     8.2814E+10
     48.000     8.0029E+10
     49.000     7.7338E+10
     50.000     7.4737E+10
     51.000     7.2222E+10
     52.000     6.9791E+10
     53.000     6.7440E+10
     54.000     6.5166E+10
     55.000     6.2967E+10
     56.000     6.0838E+10
     57.000     1.3879E+11
     58.000     5.6784E+10
     59.000     1.9382E+11
     60.000     5.2983E+10
     61.000     5.1172E+10
     62.000     4.9417E+10
     63.000     4.7717E+10
     64.000     4.6069E+10
     65.000     4.4471E+10
     66.000     4.2921E+10
     67.000     8.6149E+10
     68.000     3.9960E+10
     69.000     5.0279E+10
     70.000     3.6399E+10
     71.000     3.5119E+10
     72.000     3.3874E+10
     73.000     3.2663E+10
     74.000     3.1486E+10
     75.000     3.0340E+10
     76.000     2.9225E+10
     77.000     2.8139E+10
     78.000     2.7082E+10
     79.000     2.6054E+10
     80.000     2.5053E+10
     81.000     2.4078E+10
     82.000     2.3128E+10
     83.000     2.2202E+10
     84.000     2.1301E+10
     85.000     2.0423E+10
     86.000     1.9567E+10
     87.000     1.8734E+10
     88.000     1.7921E+10
     89.000     1.7128E+10
     90.000     1.6356E+10
     91.000     1.5602E+10
     92.000     1.4867E+10
     93.000     1.4150E+10
     94.000     1.3451E+10
     95.000     1.2768E+10
     96.000     1.2103E+10
     97.000     1.1452E+10
     98.000     1.0818E+10
     99.000     1.0199E+10
    100.000     9.5932E+09
    101.000     9.0028E+09
    102.000     8.4259E+09
    103.000     7.8624E+09
    104.000     7.3118E+09
    105.000     6.7739E+09
    106.000     6.2482E+09
    107.000     5.7344E+09
    108.000     5.2322E+09
    109.000     4.7413E+09
    110.000     4.2613E+09
    111.000     3.7919E+09
    112.000     3.3328E+09
    113.000     2.8838E+09
    114.000     2.4445E+09
    115.000     2.0148E+09
    116.000     1.5943E+09
    117.000     1.1828E+09
    118.000     7.8010E+08
    119.000     3.8591E+08
    120.000     0.0000E+00
