#spect_gen: 74  40.000  1     70.000
#   70     1.000      0.0000
#    Energy   #/mAs-sr-keV
      1.000     0.0000E+00
      2.000     9.1604E-07
      3.000     2.5364E+06
      4.000     2.7385E+09
      5.000     2.8609E+10
      6.000     7.5349E+10
      7.000     1.1807E+11
      8.000     1.4705E+11
      9.000     1.6349E+11
     10.000     1.7100E+11
     11.000     1.5179E+11
     12.000     1.4469E+11
     13.000     1.4162E+11
     14.000     1.4095E+11
     15.000     1.3868E+11
     16.000     1.3533E+11
     17.000     1.3128E+11
     18.000     1.2679E+11
     19.000     1.2206E+11
     20.000     1.1721E+11
     21.000     1.1234E+11
     22.000     1.0751E+11
     23.000     1.0277E+11
     24.000     9.8143E+10
     25.000     9.3646E+10
     26.000     8.9295E+10
     27.000     8.5096E+10
     28.000     8.1050E+10
     29.000     7.7156E+10
     30.000     7.3415E+10
     31.000     6.9821E+10
     32.000     6.6371E+10
     33.000     6.3061E+10
     34.000     5.9883E+10
     35.000     5.6835E+10
     36.000     5.3911E+10
     37.000     5.1105E+10
     38.000     4.8413E+10
     39.000     4.5829E+10
     40.000     4.3348E+10
     41.000     4.0966E+10
     42.000     3.8679E+10
     43.000     3.6481E+10
     44.000     3.4370E+10
     45.000     3.2340E+10
     46.000     3.0389E+10
     47.000     2.8513E+10
     48.000     2.6709E+10
     49.000     2.4973E+10
     50.000     2.3302E+10
     51.000     2.1693E+10
     52.000     2.0144E+10
     53.000     1.8651E+10
     54.000     1.7213E+10
     55.000     1.5828E+10
     56.000     1.4493E+10
     57.000     1.3238E+10
     58.000     1.1961E+10
     59.000     1.0821E+10
     60.000     9.6060E+09
     61.000     8.4900E+09
     62.000     7.4120E+09
     63.000     6.3710E+09
     64.000     5.3654E+09
     65.000     4.3938E+09
     66.000     3.4549E+09
     67.000     2.5656E+09
     68.000     1.6697E+09
     69.000     8.2578E+08
     70.000     0.0000E+00
