#spect_gen: 74  40.000  1     90.000
#   90     1.000      0.0000
#    Energy   #/mAs-sr-keV
      1.000     0.0000E+00
      2.000     1.5291E-07
      3.000     1.1884E+06
      4.000     2.0882E+09
      5.000     2.6885E+10
      6.000     7.8721E+10
      7.000     1.3108E+11
      8.000     1.6964E+11
      9.000     1.9359E+11
     10.000     2.0639E+11
     11.000     1.7505E+11
     12.000     1.6598E+11
     13.000     1.6434E+11
     14.000     1.6719E+11
     15.000     1.6754E+11
     16.000     1.6608E+11
     17.000     1.6334E+11
     18.000     1.5971E+11
     19.000     1.5548E+11
     20.000     1.5086E+11
     21.000     1.4602E+11
     22.000     1.4107E+11
     23.000     1.3608E+11
     24.000     1.3111E+11
     25.000     1.2622E+11
     26.000     1.2141E+11
     27.000     1.1673E+11
     28.000     1.1217E+11
     29.000     1.0776E+11
     30.000     1.0349E+11
     31.000     9.9357E+10
     32.000     9.5368E+10
     33.000     9.1522E+10
     34.000     8.7818E+10
     35.000     8.4250E+10
     36.000     8.0814E+10
     37.000     7.7506E+10
     38.000     7.4321E+10
     39.000     7.1256E+10
     40.000     6.8305E+10
     41.000     6.5464E+10
     42.000     6.2729E+10
     43.000     6.0095E+10
     44.000     5.7560E+10
     45.000     5.5116E+10
     46.000     5.2762E+10
     47.000     5.0493E+10
     48.000     4.8307E+10
     49.000     4.6199E+10
     50.000     4.4166E+10
     51.000     4.2205E+10
     52.000     4.0313E+10
     53.000     3.8487E+10
     54.000     3.6725E+10
     55.000     3.5023E+10
     56.000     3.3380E+10
     57.000     4.9525E+10
     58.000     3.0259E+10
     59.000     5.9574E+10
     60.000     2.7343E+10
     61.000     2.5957E+10
     62.000     2.4617E+10
     63.000     2.3320E+10
     64.000     2.2065E+10
     65.000     2.0851E+10
     66.000     1.9675E+10
     67.000     2.8450E+10
     68.000     1.7434E+10
     69.000     1.8966E+10
     70.000     1.5125E+10
     71.000     1.4141E+10
     72.000     1.3187E+10
     73.000     1.2261E+10
     74.000     1.1362E+10
     75.000     1.0490E+10
     76.000     9.6425E+09
     77.000     8.8190E+09
     78.000     8.0196E+09
     79.000     7.2429E+09
     80.000     6.4882E+09
     81.000     5.7548E+09
     82.000     5.0419E+09
     83.000     4.3487E+09
     84.000     3.6748E+09
     85.000     3.0195E+09
     86.000     2.3821E+09
     87.000     1.7619E+09
     88.000     1.1586E+09
     89.000     5.7144E+08
     90.000     0.0000E+00
