#spect_gen: 74  40.000  1     20.000
#   20     1.000      0.0000
#    Energy   #/mAs-sr-keV
      1.000     0.0000E+00
      2.000     1.4888E-05
      3.000     6.1767E+06
      4.000     2.6637E+09
      5.000     1.8285E+10
      6.000     3.7957E+10
      7.000     5.0629E+10
      8.000     5.5585E+10
      9.000     5.5316E+10
     10.000     5.2045E+10
     11.000     4.6259E+10
     12.000     4.0567E+10
     13.000     3.4912E+10
     14.000     2.9382E+10
     15.000     2.3935E+10
     16.000     1.8665E+10
     17.000     1.3622E+10
     18.000     8.8265E+09
     19.000     4.2869E+09
     20.000     0.0000E+00
