#spect_gen: 74  40.000  1    100.000
#  100     1.000      0.0000
#    Energy   #/mAs-sr-keV
      1.000     0.0000E+00
      2.000     5.6147E-08
      3.000     7.6799E+05
      4.000     1.7612E+09
      5.000     2.5412E+10
      6.000     7.8796E+10
      7.000     1.3554E+11
      8.000     1.7898E+11
      9.000     2.0704E+11
     10.000     2.2286E+11
     11.000     1.8418E+11
     12.000     1.7397E+11
     13.000     1.7317E+11
     14.000     1.7813E+11
     15.000     1.8011E+11
     16.000     1.7988E+11
     17.000     1.7804E+11
     18.000     1.7505E+11
     19.000     1.7125E+11
     20.000     1.6691E+11
     21.000     1.6220E+11
     22.000     1.5727E+11
     23.000     1.5224E+11
     24.000     1.4717E+11
     25.000     1.4212E+11
     26.000     1.3714E+11
     27.000     1.3225E+11
     28.000     1.2746E+11
     29.000     1.2280E+11
     30.000     1.1828E+11
     31.000     1.1389E+11
     32.000     1.0965E+11
     33.000     1.0554E+11
     34.000     1.0158E+11
     35.000     9.7747E+10
     36.000     9.4060E+10
     37.000     9.0500E+10
     38.000     8.7068E+10
     39.000     8.3759E+10
     40.000     8.0570E+10
     41.000     7.7497E+10
     42.000     7.4534E+10
     43.000     7.1677E+10
     44.000     6.8924E+10
     45.000     6.6269E+10
     46.000     6.3709E+10
     47.000     6.1239E+10
     48.000     5.8856E+10
     49.000     5.6557E+10
     50.000     5.4338E+10
     51.000     5.2196E+10
     52.000     5.0128E+10
     53.000     4.8131E+10
     54.000     4.6201E+10
     55.000     4.4337E+10
     56.000     4.2535E+10
     57.000     7.5246E+10
     58.000     3.9109E+10
     59.000     9.7315E+10
     60.000     3.5906E+10
     61.000     3.4381E+10
     62.000     3.2906E+10
     63.000     3.1477E+10
     64.000     3.0094E+10
     65.000     2.8755E+10
     66.000     2.7457E+10
     67.000     4.5460E+10
     68.000     2.4982E+10
     69.000     2.8852E+10
     70.000     2.2297E+10
     71.000     2.1216E+10
     72.000     2.0166E+10
     73.000     1.9145E+10
     74.000     1.8154E+10
     75.000     1.7191E+10
     76.000     1.6255E+10
     77.000     1.5346E+10
     78.000     1.4461E+10
     79.000     1.3602E+10
     80.000     1.2765E+10
     81.000     1.1952E+10
     82.000     1.1161E+10
     83.000     1.0392E+10
     84.000     9.6428E+09
     85.000     8.9138E+09
     86.000     8.2044E+09
     87.000     7.5139E+09
     88.000     6.8415E+09
     89.000     6.1867E+09
     90.000     5.5491E+09
     91.000     4.9278E+09
     92.000     4.3226E+09
     93.000     3.7329E+09
     94.000     3.1581E+09
     95.000     2.5980E+09
     96.000     2.0519E+09
     97.000     1.5195E+09
     98.000     1.0002E+09
     99.000     4.9391E+08
    100.000     0.0000E+00
