#spect_gen: 74  40.000  1    160.000
#  160     1.000      0.0000
#    Energy   #/mAs-sr-keV
      1.000     0.0000E+00
      2.000     3.9136E-11
      3.000     2.8910E+04
      4.000     4.3312E+08
      5.000     1.3908E+10
      6.000     6.4348E+10
      7.000     1.3859E+11
      8.000     2.1004E+11
      9.000     2.6591E+11
     10.000     3.0468E+11
     11.000     2.0857E+11
     12.000     1.9068E+11
     13.000     1.9591E+11
     14.000     2.1652E+11
     15.000     2.3187E+11
     16.000     2.4264E+11
     17.000     2.4959E+11
     18.000     2.5347E+11
     19.000     2.5490E+11
     20.000     2.5443E+11
     21.000     2.5248E+11
     22.000     2.4941E+11
     23.000     2.4550E+11
     24.000     2.4097E+11
     25.000     2.3599E+11
     26.000     2.3071E+11
     27.000     2.2522E+11
     28.000     2.1961E+11
     29.000     2.1394E+11
     30.000     2.0827E+11
     31.000     2.0263E+11
     32.000     1.9705E+11
     33.000     1.9156E+11
     34.000     1.8617E+11
     35.000     1.8089E+11
     36.000     1.7574E+11
     37.000     1.7072E+11
     38.000     1.6582E+11
     39.000     1.6106E+11
     40.000     1.5643E+11
     41.000     1.5194E+11
     42.000     1.4757E+11
     43.000     1.4334E+11
     44.000     1.3923E+11
     45.000     1.3525E+11
     46.000     1.3140E+11
     47.000     1.2766E+11
     48.000     1.2403E+11
     49.000     1.2053E+11
     50.000     1.1712E+11
     51.000     1.1382E+11
     52.000     1.1063E+11
     53.000     1.0753E+11
     54.000     1.0452E+11
     55.000     1.0162E+11
     56.000     9.8792E+10
     57.000     3.0811E+11
     58.000     9.3403E+10
     59.000     4.5911E+11
     60.000     8.8332E+10
     61.000     8.5909E+10
     62.000     8.3558E+10
     63.000     8.1275E+10
     64.000     7.9060E+10
     65.000     7.6908E+10
     66.000     7.4819E+10
     67.000     1.9134E+11
     68.000     7.0819E+10
     69.000     9.9999E+10
     70.000     6.4889E+10
     71.000     6.3208E+10
     72.000     6.1569E+10
     73.000     5.9970E+10
     74.000     5.8413E+10
     75.000     5.6892E+10
     76.000     5.5410E+10
     77.000     5.3964E+10
     78.000     5.2554E+10
     79.000     5.1178E+10
     80.000     4.9836E+10
     81.000     4.8527E+10
     82.000     4.7248E+10
     83.000     4.6001E+10
     84.000     4.4784E+10
     85.000     4.3595E+10
     86.000     4.2436E+10
     87.000     4.1303E+10
     88.000     4.0198E+10
     89.000     3.9118E+10
     90.000     3.8064E+10
     91.000     3.7034E+10
     92.000     3.6027E+10
     93.000     3.5044E+10
     94.000     3.4084E+10
     95.000     3.3145E+10
     96.000     3.2228E+10
     97.000     3.1331E+10
     98.000     3.0454E+10
     99.000     2.9597E+10
    100.000     2.8759E+10
    101.000     2.7940E+10
    102.000     2.7138E+10
    103.000     2.6355E+10
    104.000     2.5587E+10
    105.000     2.4837E+10
    106.000     2.4103E+10
    107.000     2.3385E+10
    108.000     2.2681E+10
    109.000     2.1993E+10
    110.000     2.1319E+10
    111.000     2.0659E+10
    112.000     2.0013E+10
    113.000     1.9380E+10
    114.000     1.8760E+10
    115.000     1.8154E+10
    116.000     1.7559E+10
    117.000     1.6976E+10
    118.000     1.6404E+10
    119.000     1.5845E+10
    120.000     1.5297E+10
    121.000     1.4759E+10
    122.000     1.4232E+10
    123.000     1.3715E+10
    124.000     1.3208E+10
    125.000     1.2712E+10
    126.000     1.2225E+10
    127.000     1.1747E+10
    128.000     1.1278E+10
    129.000     1.0818E+10
    130.000     1.0366E+10
    131.000     9.9233E+09
    132.000     9.4886E+09
    133.000     9.0624E+09
    134.000     8.6436E+09
    135.000     8.2326E+09
    136.000     7.8291E+09
    137.000     7.4328E+09
    138.000     7.0437E+09
    139.000     6.6615E+09
    140.000     6.2863E+09
    141.000     5.9177E+09
    142.000     5.5556E+09
    143.000     5.1998E+09
    144.000     4.8502E+09
    145.000     4.5069E+09
    146.000     4.1693E+09
    147.000     3.8376E+09
    148.000     3.5116E+09
    149.000     3.1911E+09
    150.000     2.8760E+09
    151.000     2.5664E+09
    152.000     2.2619E+09
    153.000     1.9624E+09
    154.000     1.6680E+09
    155.000     1.3784E+09
    156.000     1.0936E+09
    157.000     8.1343E+08
    158.000     5.3784E+08
    159.000     2.6673E+08
    160.000     0.0000E+00
