#spect_gen: 74  40.000  1     40.000
#   40     1.000      0.0000
#    Energy   #/mAs-sr-keV
      1.000     0.0000E+00
      2.000     7.0390E-06
      3.000     5.4935E+06
      4.000     3.2491E+09
      5.000     2.6082E+10
      6.000     5.9827E+10
      7.000     8.6236E+10
      8.000     1.0148E+11
      9.000     1.0812E+11
     10.000     1.0924E+11
     11.000     1.0129E+11
     12.000     9.5949E+10
     13.000     9.1374E+10
     14.000     8.7274E+10
     15.000     8.2685E+10
     16.000     7.7864E+10
     17.000     7.2977E+10
     18.000     6.8128E+10
     19.000     6.3383E+10
     20.000     5.8782E+10
     21.000     5.4349E+10
     22.000     5.0096E+10
     23.000     4.6027E+10
     24.000     4.2142E+10
     25.000     3.8437E+10
     26.000     3.4907E+10
     27.000     3.1547E+10
     28.000     2.8348E+10
     29.000     2.5303E+10
     30.000     2.2405E+10
     31.000     1.9647E+10
     32.000     1.7020E+10
     33.000     1.4519E+10
     34.000     1.2136E+10
     35.000     9.8657E+09
     36.000     7.7015E+09
     37.000     5.6381E+09
     38.000     3.6700E+09
     39.000     1.7922E+09
     40.000     0.0000E+00
