#spect_gen: 74  40.000  1     60.000
#   60     1.000      0.0000
#    Energy   #/mAs-sr-keV
      1.000     0.0000E+00
      2.000     1.9868E-06
      3.000     3.4669E+06
      4.000     3.0089E+09
      5.000     2.8600E+10
      6.000     7.1759E+10
      7.000     1.0930E+11
      8.000     1.3365E+11
      9.000     1.4666E+11
     10.000     1.5187E+11
     11.000     1.3737E+11
     12.000     1.3105E+11
     13.000     1.2741E+11
     14.000     1.2535E+11
     15.000     1.2210E+11
     16.000     1.1809E+11
     17.000     1.1362E+11
     18.000     1.0890E+11
     19.000     1.0408E+11
     20.000     9.9248E+10
     21.000     9.4474E+10
     22.000     8.9792E+10
     23.000     8.5241E+10
     24.000     8.0835E+10
     25.000     7.6584E+10
     26.000     7.2493E+10
     27.000     6.8562E+10
     28.000     6.4792E+10
     29.000     6.1176E+10
     30.000     5.7712E+10
     31.000     5.4395E+10
     32.000     5.1219E+10
     33.000     4.8178E+10
     34.000     4.5266E+10
     35.000     4.2478E+10
     36.000     3.9810E+10
     37.000     3.7252E+10
     38.000     3.4804E+10
     39.000     3.2457E+10
     40.000     3.0207E+10
     41.000     2.8052E+10
     42.000     2.5984E+10
     43.000     2.4000E+10
     44.000     2.2097E+10
     45.000     2.0270E+10
     46.000     1.8517E+10
     47.000     1.6833E+10
     48.000     1.5215E+10
     49.000     1.3660E+10
     50.000     1.2166E+10
     51.000     1.0729E+10
     52.000     9.3471E+09
     53.000     8.0179E+09
     54.000     6.7388E+09
     55.000     5.5075E+09
     56.000     4.3221E+09
     57.000     3.1805E+09
     58.000     2.0808E+09
     59.000     1.0212E+09
     60.000     0.0000E+00
