#spect_gen: 74  40.000  1     30.000
#   30     1.000      0.0000
#    Energy   #/mAs-sr-keV
      1.000     0.0000E+00
      2.000     1.1110E-05
      3.000     6.1889E+06
      4.000     3.1060E+09
      5.000     2.3097E+10
      6.000     5.0680E+10
      7.000     7.0832E+10
      8.000     8.1325E+10
      9.000     8.4776E+10
     10.000     8.3892E+10
     11.000     7.7672E+10
     12.000     7.2411E+10
     13.000     6.7389E+10
     14.000     6.2562E+10
     15.000     5.7542E+10
     16.000     5.2502E+10
     17.000     4.7546E+10
     18.000     4.2739E+10
     19.000     3.8115E+10
     20.000     3.3690E+10
     21.000     2.9473E+10
     22.000     2.5462E+10
     23.000     2.1653E+10
     24.000     1.8041E+10
     25.000     1.4617E+10
     26.000     1.1372E+10
     27.000     8.2967E+09
     28.000     5.3821E+09
     29.000     2.6194E+09
     30.000     0.0000E+00
