#spect_gen: 74  40.000  1    140.000
#  140     1.000      0.0000
#    Energy   #/mAs-sr-keV
      1.000     0.0000E+00
      2.000     5.4806E-10
      3.000     9.6548E+04
      4.000     7.3709E+08
      5.000     1.7762E+10
      6.000     7.1207E+10
      7.000     1.4153E+11
      8.000     2.0425E+11
      9.000     2.5045E+11
     10.000     2.8076E+11
     11.000     2.0578E+11
     12.000     1.9046E+11
     13.000     1.9359E+11
     14.000     2.0863E+11
     15.000     2.1900E+11
     16.000     2.2551E+11
     17.000     2.2893E+11
     18.000     2.2996E+11
     19.000     2.2914E+11
     20.000     2.2692E+11
     21.000     2.2366E+11
     22.000     2.1964E+11
     23.000     2.1507E+11
     24.000     2.1012E+11
     25.000     2.0492E+11
     26.000     1.9956E+11
     27.000     1.9412E+11
     28.000     1.8867E+11
     29.000     1.8324E+11
     30.000     1.7787E+11
     31.000     1.7258E+11
     32.000     1.6740E+11
     33.000     1.6232E+11
     34.000     1.5737E+11
     35.000     1.5256E+11
     36.000     1.4787E+11
     37.000     1.4331E+11
     38.000     1.3890E+11
     39.000     1.3461E+11
     40.000     1.3046E+11
     41.000     1.2644E+11
     42.000     1.2255E+11
     43.000     1.1878E+11
     44.000     1.1513E+11
     45.000     1.1160E+11
     46.000     1.0818E+11
     47.000     1.0488E+11
     48.000     1.0168E+11
     49.000     9.8587E+10
     50.000     9.5585E+10
     51.000     9.2683E+10
     52.000     8.9879E+10
     53.000     8.7161E+10
     54.000     8.4529E+10
     55.000     8.1980E+10
     56.000     7.9510E+10
     57.000     2.1683E+11
     58.000     7.4801E+10
     59.000     3.1521E+11
     60.000     7.0377E+10
     61.000     6.8267E+10
     62.000     6.6219E+10
     63.000     6.4235E+10
     64.000     6.2308E+10
     65.000     6.0440E+10
     66.000     5.8626E+10
     67.000     1.3497E+11
     68.000     5.5158E+10
     69.000     7.3985E+10
     70.000     5.0523E+10
     71.000     4.9043E+10
     72.000     4.7602E+10
     73.000     4.6199E+10
     74.000     4.4831E+10
     75.000     4.3499E+10
     76.000     4.2201E+10
     77.000     4.0938E+10
     78.000     3.9706E+10
     79.000     3.8505E+10
     80.000     3.7334E+10
     81.000     3.6194E+10
     82.000     3.5081E+10
     83.000     3.3998E+10
     84.000     3.2940E+10
     85.000     3.1908E+10
     86.000     3.0903E+10
     87.000     2.9921E+10
     88.000     2.8964E+10
     89.000     2.8030E+10
     90.000     2.7118E+10
     91.000     2.6229E+10
     92.000     2.5360E+10
     93.000     2.4512E+10
     94.000     2.3684E+10
     95.000     2.2876E+10
     96.000     2.2086E+10
     97.000     2.1314E+10
     98.000     2.0560E+10
     99.000     1.9825E+10
    100.000     1.9105E+10
    101.000     1.8402E+10
    102.000     1.7714E+10
    103.000     1.7043E+10
    104.000     1.6386E+10
    105.000     1.5743E+10
    106.000     1.5116E+10
    107.000     1.4501E+10
    108.000     1.3900E+10
    109.000     1.3313E+10
    110.000     1.2738E+10
    111.000     1.2175E+10
    112.000     1.1623E+10
    113.000     1.1084E+10
    114.000     1.0556E+10
    115.000     1.0040E+10
    116.000     9.5343E+09
    117.000     9.0384E+09
    118.000     8.5533E+09
    119.000     8.0780E+09
    120.000     7.6123E+09
    121.000     7.1562E+09
    122.000     6.7092E+09
    123.000     6.2712E+09
    124.000     5.8420E+09
    125.000     5.4213E+09
    126.000     5.0088E+09
    127.000     4.6044E+09
    128.000     4.2080E+09
    129.000     3.8192E+09
    130.000     3.4380E+09
    131.000     3.0640E+09
    132.000     2.6972E+09
    133.000     2.3374E+09
    134.000     1.9843E+09
    135.000     1.6379E+09
    136.000     1.2980E+09
    137.000     9.6442E+08
    138.000     6.3693E+08
    139.000     3.1553E+08
    140.000     0.0000E+00
