0.000000e+000
0.000000e+000
0.000000e+000
0.000000e+000
0.000000e+000
0.000000e+000
0.000000e+000
0.000000e+000
0.000000e+000
0.000000e+000
0.000000e+000
3.634972e-035
4.016122e-029
1.549885e-024
4.277572e-021
2.047448e-018
2.667641e-015
1.215538e-014
1.444709e-012
1.561524e-011
1.269855e-011
7.367238e-011
8.269034e-010
8.133792e-010
2.091770e-009
5.361640e-009
1.191023e-008
2.355701e-008
4.308254e-008
7.267759e-008
1.131688e-007
1.691684e-007
2.403097e-007
3.276490e-007
4.311339e-007
5.512352e-007
6.851990e-007
8.329207e-007
9.885832e-007
1.155610e-006
1.326124e-006
1.495279e-006
1.668951e-006
1.837659e-006
2.012474e-006
2.175056e-006
2.334705e-006
2.493697e-006
2.631595e-006
2.771364e-006
2.915322e-006
3.027907e-006
3.144519e-006
3.250439e-006
3.342068e-006
3.426991e-006
3.507784e-006
3.574440e-006
3.629365e-006
3.675281e-006
3.713663e-006
3.732515e-006
3.752395e-006
3.762673e-006
3.762003e-006
3.754773e-006
3.734865e-006
3.716022e-006
3.685844e-006
3.648402e-006
3.606899e-006
3.553036e-006
3.493010e-006
3.435064e-006
3.358867e-006
3.284631e-006
3.204449e-006
3.113367e-006
3.023688e-006
2.924434e-006
2.819142e-006
2.708246e-006
2.593013e-006
2.471965e-006
2.348310e-006
2.217872e-006
2.085053e-006
1.946416e-006
1.803472e-006
1.657174e-006
1.506742e-006
1.352407e-006
1.194555e-006
1.033259e-006
8.684044e-007
7.006370e-007
5.296314e-007
3.558420e-007
1.791891e-007
1.508599e-008
